0 0.770279 0.806298 0.910296 1.0264 1.15896 1.2967 1.38893 1.53787 1.61999 1.64003 
0 1.60229 1.68011 2.42575 2.69359 2.88045 3.62426 3.7015 3.83145 4.26377 4.29763 
0 0.40519 0.795068 0.817621 0.859799 0.914156 0.956399 0.965824 0.979422 1.0375 1.11241 
0 0.192694 0.992341 1.11915 1.13299 1.23174 1.35094 1.42053 1.67434 1.75682 1.84084 
0 0.477514 0.725141 0.776505 0.956731 0.989332 1.05146 1.21637 1.21919 1.35329 1.51535 
0 0.337048 0.68753 0.745196 0.806298 0.842888 0.923444 1.04654 1.09482 1.14155 1.14614 
0 0.631688 0.842293 0.885263 1.05386 1.05692 1.10258 1.2282 1.29562 1.38039 1.53024 
0 0.409708 0.526215 0.590587 0.742032 0.837302 1.03274 1.03839 1.05146 1.21572 1.24386 
0 1.16025 1.24942 1.84084 1.85509 1.98751 2.12482 2.18321 2.28926 2.41991 2.48494 
0 18.9483 23.3202 24.7998 28.0202 29.7247 31.1383 31.3323 31.3494 31.6743 33.6052 
0 0.0347707 0.249684 0.357252 0.359301 0.365166 0.417006 0.541949 0.592502 0.643019 0.643482 
0 0.231907 0.691741 0.849327 0.875845 0.904279 0.917835 0.988303 1.01823 1.04982 1.05145 
0 1.89819 3.82247 4.98001 5.7512 6.25646 6.51795 6.95601 6.97689 7.36428 7.77813 
0 0.432621 0.452475 0.512213 0.519009 0.560886 0.688341 0.697505 0.705554 0.707821 0.795068 
0 1.21657 1.68011 2.9133 2.92721 3.1066 3.15546 3.22831 3.34109 3.69823 3.80644 
0 0.689349 0.92857 1.48397 1.49306 2.15033 2.26897 3.15546 3.29523 3.32643 3.36433 
0 0.216032 0.226597 0.24613 0.257717 0.323926 0.367136 0.371915 0.444101 0.716377 0.784146 
0 13.3839 15.1461 17.1968 19.4 19.474 21.5873 24.8281 26.1733 27.7335 28.4695 
0 4.37784 5.65803 6.71205 7.95673 8.38251 8.96311 9.017 9.08428 9.24954 9.33246 
0 0.567833 0.685253 0.830559 0.968119 1.03655 1.11911 1.32014 1.50666 1.636 1.68845 
0 1.06272 1.11911 1.16122 1.2122 1.27406 1.28569 1.31048 1.31864 1.35187 1.39107 
0 0.209697 0.233953 0.263776 0.27404 0.35639 0.408223 0.444101 0.445064 0.494855 0.528346 
0 0.194149 0.770279 0.984622 1.13183 1.14155 1.3345 1.3588 1.66462 1.69065 1.83742 
0 0.709816 1.06169 1.4224 1.6529 1.88721 1.96993 2.00086 2.22992 2.33258 2.37853 
0 0.737984 1.31714 1.48397 1.53285 1.88305 1.90121 1.91896 1.99126 2.04324 2.27003 
0 1.55148 1.92604 1.96993 2.38671 2.46072 2.64533 2.66974 2.69564 2.84812 3.13087 
0 0.216474 0.249684 0.428405 0.477349 0.498777 0.499475 0.532163 0.591159 0.695449 0.707821 
0 0.519009 0.56911 0.616904 0.808216 0.815148 0.866836 0.889342 0.965824 1.01505 1.02328 
0 3.32103 6.71205 7.13127 8.0163 9.85928 11.7387 13.9023 14.0589 14.0982 14.29 
0 1.21657 2.11238 2.21777 2.36958 2.88045 3.18997 3.2509 3.38723 3.48602 3.75164 
0 0.843434 2.00587 2.83485 2.96988 3.33379 3.48971 3.77445 4.02672 4.07606 4.15325 
0 0.353852 0.383047 0.545653 0.603931 0.720169 0.760151 0.887923 0.892732 0.904987 0.917835 
0 1.71198 7.54517 13.9938 17.5674 17.6264 18.2651 18.4735 18.6391 19.7834 19.9195 
0 0.131788 0.368289 0.546935 0.718824 0.745196 0.753951 1.17364 1.35094 1.432 1.45455 
0 7.54517 7.78066 9.02568 11.5198 12.8662 13.1302 13.1335 13.4175 13.5015 13.907 
0 0.239309 0.289698 0.536069 0.567833 0.730106 0.820085 0.97851 1.17504 1.18879 1.35187 
0 0.536896 0.676546 0.884148 0.931159 0.93602 0.949192 0.951703 1.01092 1.06283 1.0697 
0 0.225027 0.589423 0.622969 0.644898 0.887161 0.895407 0.95128 0.987672 1.00941 1.01218 
0 0.126305 0.137862 0.22713 0.229793 0.389874 0.390222 0.417006 0.423475 0.435617 0.494855 
0 0.363199 0.92857 1.31714 1.35251 1.71843 1.72988 2.52264 2.89161 2.98965 3.06764 
0 1.23663 1.3345 1.36443 1.4132 1.49358 1.68903 1.9254 2.18208 2.40707 2.43788 
0 1.60239 2.08724 2.96988 3.03373 3.43908 3.59004 3.97999 4.91111 5.08368 5.2076 
0 0.265115 0.297458 0.432621 0.438216 0.694217 0.705802 0.815148 0.914156 0.99418 1.00977 
0 0.373021 0.440785 0.513931 0.636379 0.661658 0.755517 0.820085 0.95388 1.161 1.27022 
0 0.180851 0.265115 0.433953 0.551203 0.560886 0.898154 1.00441 1.00703 1.00952 1.01644 
0 0.25854 0.39124 0.472307 0.787069 0.970223 1.24352 1.28813 1.29562 1.32979 1.52144 
0 1.49264 2.16367 2.27584 2.44472 2.67294 2.82926 2.83334 2.94493 3.00323 3.07573 
0 0.996872 2.08724 2.81556 4.93886 4.94524 5.51831 5.58935 5.74949 6.27327 6.58114 
0 0.0599166 0.382382 0.419191 0.475241 0.477825 0.499475 0.500077 0.506899 0.538414 0.541949 
0 0.0813941 0.137862 0.312381 0.333111 0.333711 0.365166 0.378086 0.402383 0.418026 0.419191 
0 0.26497 0.321762 0.472307 0.790966 0.813505 0.842293 0.935646 1.06498 1.20793 1.28338 
0 0.709816 0.717486 0.764933 1.31524 1.46232 1.53775 1.64003 1.65311 1.67982 2.00671 
0 0.102186 0.363915 0.592305 0.643849 0.79034 0.815672 0.837302 0.883417 1.00511 1.13702 
0 0.900012 2.06726 2.42575 2.65571 4.07624 4.193 4.74872 4.82241 5.23625 5.3427 
0 0.583135 1.08492 1.69845 1.86519 2.08108 2.10294 2.31881 2.34224 2.35059 2.72977 
0 0.296258 0.477514 0.940607 1.17555 1.2376 1.25204 1.4197 1.44015 1.44914 1.5071 
0 0.179059 0.216032 0.329821 0.33739 0.345361 0.408223 0.440521 0.462659 0.623752 0.765685 
0 2.42098 2.81556 3.43908 3.63805 5.31498 6.14486 6.26537 7.41276 8.0974 8.3468 
0 1.0593 1.306 1.30638 1.76992 2.18321 2.69131 2.69646 3.08366 3.19757 3.26751 
0 35.2862 37.8769 38.2022 41.1122 41.3347 42.167 43.4603 43.6374 44.449 46.248 
0 1.89819 3.99005 5.57532 7.30345 8.11211 8.31319 8.60921 8.77072 9.21446 9.26155 
0 2.64533 3.76457 4.01371 4.19233 4.43643 4.49572 4.63432 4.64563 4.656 5.27364 
0 12.4515 15.0937 15.332 19.4104 19.5814 19.7388 20.6997 21.1384 21.3569 21.5873 
0 0.297458 0.452475 0.551203 0.616904 0.646473 0.729533 0.956399 0.97167 0.974274 1.0102 
0 0.631688 0.660758 0.681076 0.935646 0.963913 1.00511 1.03109 1.03595 1.08472 1.1666 
0 0.297069 0.504876 0.592305 0.595927 0.630048 0.681076 0.845631 0.873312 1.06498 1.16984 
0 0.764933 0.780055 0.922576 0.938508 0.992 1.06169 1.53866 1.92604 1.96381 2.19656 
0 0.131788 0.252438 0.604614 0.74239 0.832738 0.842888 1.05129 1.23174 1.54574 1.58626 
0 0.194149 0.871658 0.910296 1.07907 1.14614 1.36443 1.51668 1.59003 1.60203 1.66431 
0 0.122094 0.128066 0.146796 0.209697 0.371915 0.440521 0.516977 0.541473 0.646825 0.677975 
0 0.225027 0.416276 0.475241 0.538184 0.665986 0.691136 0.766856 0.7837 0.832635 0.868508 
0 0.696228 0.882699 1.06272 1.18174 1.31175 1.56759 1.5815 1.63444 1.68845 1.69845 
0 0.930884 1.70465 2.06726 2.1291 2.69359 3.0993 3.30764 3.89518 3.93105 4.26893 
0 0.252438 0.368289 0.842345 0.910829 0.942353 0.974477 1.09482 1.13299 1.67179 1.72256 
0 0.737984 1.33735 1.35329 1.54943 1.55537 1.61116 1.62924 1.72988 1.76313 1.8321 
0 0.351026 0.614282 0.661658 0.721726 0.965003 0.965418 1.11495 1.16875 1.17555 1.18879 
0 0.0632535 0.229793 0.268874 0.322264 0.333711 0.386465 0.560555 0.574947 0.600556 0.615186 
0 0.367136 0.417934 0.462659 0.515683 0.529741 0.532035 0.646825 0.676546 0.697758 0.799484 
0 5.5283 5.84133 5.88435 6.92683 7.08469 7.13985 7.50879 7.55223 7.5844 7.71345 
0 0.180967 0.713438 0.837764 0.922576 1.19854 1.31524 1.432 1.45933 1.54574 1.63368 
0 0.0347275 0.0446542 0.122094 0.233953 0.257717 0.33739 0.411808 0.532035 0.549136 0.725615 
0 0.193104 0.513119 0.560825 1.53226 1.71593 1.81066 1.909 2.05359 2.05794 2.21164 
0 0.951468 1.16758 1.23666 1.39185 1.47596 1.5604 1.72182 1.73874 1.9206 1.98058 
0 0.40519 0.512213 0.56911 0.646473 0.705802 0.895264 0.898154 0.954741 1.02818 1.09072 
0 0.0632535 0.22713 0.261324 0.312381 0.315298 0.347094 0.534076 0.544409 0.580863 0.609394 
0 0.289698 0.409876 0.598836 0.68983 0.755517 0.830559 0.852988 0.965003 1.02166 1.59555 
0 0.179059 0.323926 0.411808 0.417126 0.417934 0.429516 0.445064 0.516977 0.555996 0.688893 
0 1.19045 1.35251 1.66504 1.76313 1.91896 2.10199 2.26897 2.33866 2.45044 2.49452 
0 2.19235 2.60625 4.0037 4.52603 4.54184 4.6063 4.66225 4.91174 4.95708 5.02451 
0 0.363199 0.689349 1.42425 1.53285 1.66504 2.03194 2.83571 3.24844 3.32088 3.35469 
0 0.0889607 0.383047 0.496582 0.672653 0.785847 0.859086 0.902221 0.947161 1.03858 1.06436 
0 9.36176 16.5009 18.4558 18.9953 25.8413 27.7139 30.0361 30.2682 34.4739 35.864 
0 5.64674 6.55643 10.9747 13.4175 15.1258 15.9165 17.3032 17.5065 17.9478 18.4329 
0 2.38223 2.69604 3.30764 4.74872 4.79093 4.83406 5.99791 6.01409 6.09604 6.42814 
0 2.08224 2.2364 2.48978 2.50347 2.60625 2.62574 2.70701 2.75545 2.76229 2.97527 
0 0.0681028 0.513119 0.685246 1.56537 2.17238 2.18075 2.22213 2.24102 2.27481 2.30297 
0 3.73142 9.64332 12.4515 14.4461 18.2907 18.9953 19.474 22.8603 25.5332 27.9871 
0 0.291959 0.433953 0.690138 0.694217 0.854195 0.857746 0.904279 0.97167 1.04205 1.05125 
0 0.614282 0.68983 0.89584 0.940607 0.95388 0.97851 1.03718 1.06443 1.06685 1.21168 
0 14.3534 14.9824 16.5009 18.2907 26.6678 28.5266 29.2976 29.9098 33.0051 37.1383 
0 2.31288 7.50879 9.16924 11.0876 11.6145 12.3122 12.7754 13.4358 13.5066 13.5363 
0 0.0196469 0.0446542 0.146796 0.226597 0.27404 0.329821 0.417126 0.515683 0.591836 0.762178 
0 0.296258 0.725141 1.06685 1.16675 1.26335 1.41145 1.49673 1.53204 1.62924 1.68174 
0 0.373773 0.817621 0.954741 1.23666 1.38487 1.42684 1.4575 1.50154 1.54044 1.59225 
0 0.392006 0.511145 0.511231 0.595927 0.787069 0.813505 0.859777 1.03595 1.13702 1.15155 
0 0.717486 0.837764 0.938508 0.956894 1.01716 1.04654 1.2967 1.34888 1.4224 1.45455 
0 1.19045 1.53024 1.63971 1.9636 1.96916 2.22758 2.23837 2.29519 2.30717 2.35553 
0 0.351026 0.440785 0.804553 0.831919 0.89584 0.944069 1.02166 1.03535 1.17504 1.34577 
0 0.333111 0.35639 0.357252 0.388729 0.390222 0.395997 0.541473 0.544409 0.549136 0.555996 
0 0.504876 0.511145 0.577957 0.774783 0.79034 1.00054 1.03274 1.14033 1.15749 1.1684 
0 0.949192 0.951468 0.966396 0.979422 1.16614 1.25307 1.27945 1.32502 1.37944 1.40619 
0 0.455541 0.639904 1.30638 1.49358 1.63149 1.91305 2.03191 2.22303 2.37471 2.40193 
0 0.583135 1.2696 1.70148 2.12411 2.17485 2.42124 2.42558 2.51737 2.52658 2.58023 
0 0.205966 0.347094 0.386088 0.386465 0.402383 0.416515 0.435617 0.477825 0.486971 0.603931 
0 2.73768 8.41158 9.85928 10.3804 11.1711 14.3495 15.6501 17.5037 18.593 20.1499 
0 0.308295 0.639904 1.0593 1.68903 2.2039 2.43837 2.52887 2.80887 2.85882 2.92441 
0 0.0347707 0.216474 0.364853 0.378086 0.388729 0.423475 0.538414 0.587052 0.649257 0.650424 
0 0.772119 0.856642 0.882699 0.922412 0.931624 1.44885 1.62763 1.7662 1.86519 1.91491 
0 0.373773 0.859799 0.895264 1.2183 1.39107 1.39185 1.39993 1.41981 1.53819 1.5815 
0 0.548543 0.691741 0.833818 0.857746 1.00941 1.01078 1.01446 1.01653 1.06739 1.08944 
0 0.696228 0.856642 1.08492 1.2696 1.37533 1.44175 1.5955 1.67898 1.68046 1.82711 
0 0.181491 0.922412 1.44175 1.4762 1.53787 1.72437 1.76292 1.909 2.05768 2.08108 
0 0.308295 0.455541 1.306 1.4132 2.08581 2.1366 2.2233 2.64285 2.65696 2.73264 
0 2.77924 8.18199 9.811 17.1968 20.8769 21.9286 23.7452 24.6515 24.707 25.6792 
0 3.32103 4.37784 7.80043 9.31588 9.74152 10.3804 12.0667 12.1524 12.5841 12.613 
0 1.37947 1.42 1.45392 1.47683 1.61616 1.61918 1.63374 1.73142 1.74826 1.89155 
0 4.00511 9.86917 9.98622 10.0034 10.3523 10.3548 10.7687 10.9057 11.0309 11.0426 
0 0.337048 0.391045 0.546935 0.604614 0.842345 0.995286 1.0264 1.07907 1.13183 1.28883 
0 0.363915 0.408561 0.717147 0.793502 0.845631 1.03109 1.03839 1.12469 1.14033 1.43303 
0 2.32262 2.36926 3.26813 3.61334 4.18675 4.2429 4.38921 4.50596 4.67059 4.79683 
0 0.0599166 0.416276 0.420583 0.462252 0.486971 0.504136 0.532163 0.533052 0.587052 0.589423 
0 3.99005 4.98001 6.96428 7.67921 8.13875 9.96488 10.7231 11.1474 11.2248 11.3284 
0 0.0889607 0.353852 0.567417 0.72011 0.847871 0.896613 0.965434 1.0125 1.08169 1.11676 
0 0.192694 0.942353 1.02186 1.05129 1.17364 1.18484 1.28883 1.62577 1.66431 1.83742 
0 0.381274 0.386088 0.496582 0.5288 0.545653 0.567417 0.580863 0.600556 0.754195 0.763524 
0 0.526215 0.721726 0.831919 0.862662 0.94362 0.989332 1.21168 1.2376 1.26734 1.27022 
0 0.231907 0.548543 0.690138 0.849731 0.879759 0.946132 1.00561 1.02039 1.02327 1.03669 
0 0.713438 0.718824 0.800633 0.832738 0.923444 0.956894 0.974477 0.995286 1.34957 1.53866 
0 2.19235 3.22219 3.82247 4.21715 4.27167 4.71759 4.86361 4.91159 5.27603 5.57532 
0 1.71198 9.02568 15.6774 18.5526 18.8175 19.3743 19.4127 19.6957 20.8224 20.9518 
0 0.180967 0.800633 0.992 1.01716 1.13963 1.46232 1.51384 1.60849 1.61982 1.72256 
0 2.31288 5.88435 6.97229 8.82175 10.4661 10.6418 11.1561 11.3284 11.3976 11.4112 
0 0.291034 0.457215 1.26335 1.5071 1.57165 1.82552 1.97747 2.01427 2.1697 2.2156 
0 0.900012 1.60229 1.70465 2.52522 3.22831 3.76432 4.11313 4.39235 4.50026 4.83406 
0 13.3839 14.4461 15.6092 20.6997 21.7828 26.6678 28.2594 30.0361 30.4831 33.7676 
0 0.843434 1.74244 1.99775 2.55202 2.69739 3.33886 3.44371 3.48614 3.59004 3.65623 
0 0.457215 0.607588 1.71616 1.96403 1.97015 2.11238 2.12097 2.2364 2.26772 2.36797 
0 9.36176 9.36521 9.64332 14.3534 19.4104 21.7828 22.3378 27.4187 28.4695 30.1111 
0 0.996872 1.60239 2.42098 4.15325 4.46692 4.85603 4.88052 5.32508 6.18722 6.49016 
0 0.297069 0.392006 0.577957 0.592081 0.660758 0.790966 0.883417 0.923934 0.93536 0.970223 
0 0.992341 1.18484 1.24942 1.63149 1.89329 2.07458 2.08581 2.12335 2.18321 2.20204 
0 0.0681028 0.560825 0.726609 1.52976 2.18794 2.18844 2.22326 2.25869 2.27192 2.31409 
0 3.73142 9.36521 14.9824 15.0937 15.6092 18.4558 19.4 22.8873 26.6529 28.0001 
0 0.885263 0.94309 1.20793 1.27624 1.50405 1.5083 1.52144 1.82458 1.85509 1.9636 
0 0.291034 0.607588 1.16675 1.44015 1.6788 1.89126 2.0198 2.21777 2.23 2.25019 
0 0.241789 0.590587 0.750976 0.776505 0.793502 0.815672 0.94362 1.25204 1.33735 1.3755 
0 4.00511 7.91088 8.01486 8.13258 8.35941 8.46662 8.51576 8.56977 9.06435 9.29435 
0 1.23663 1.3588 1.38893 1.51668 2.10614 2.21919 2.24387 2.48702 2.5697 2.64285 
0 5.36544 5.55812 6.97549 7.86575 8.68734 8.92701 9.09366 9.71654 9.71714 9.79591 
0 0.536896 0.784146 0.799484 0.813198 0.818003 0.848321 0.879938 0.998954 1.07492 1.08088 
0 0.239309 0.309679 0.409876 0.491678 0.636379 0.685253 1.03535 1.03718 1.11495 1.27325 
0 0.321762 0.361389 0.39124 0.511231 0.592081 0.873312 0.963913 1.00054 1.05692 1.4655 
0 3.63805 4.7405 4.88052 5.08368 5.48122 5.55812 5.74949 6.56789 7.06606 7.32141 
0 1.56517 2.32262 3.36557 3.67735 3.76457 3.87529 3.90206 4.08267 4.14231 4.61353 
0 0.276828 0.491678 0.513931 0.730106 0.801909 0.852988 0.944069 1.03655 1.16875 1.2122 
0 5.36544 5.64674 7.36858 10.4753 10.4893 12.2676 12.8091 12.92 13.1335 13.7102 
0 3.92489 8.18199 10.7322 24.0665 24.0805 24.2314 24.7875 24.8281 26.135 26.2715 
0 0.181491 0.772119 1.35677 1.37533 1.55851 1.6313 1.63444 1.81066 1.9701 2.10294 
0 0.0196469 0.0347275 0.128066 0.24613 0.263776 0.345361 0.429516 0.529741 0.583541 0.753682 
0 1.09812 1.16614 1.47596 1.50714 1.64586 1.94065 2.01519 2.02092 2.03298 2.05458 
0 91.3503 114.278 116.473 120.503 120.883 121.137 121.984 122.709 123.683 124.209 
0 2.73768 7.55925 8.0163 9.31588 9.49232 13.4467 13.7622 17.8562 17.9645 19.8635 
0 0.276828 0.309679 0.373021 0.536069 0.598836 0.804553 0.965418 0.968119 1.06443 1.06941 
0 0.193104 0.685246 0.726609 1.46723 1.55637 1.6313 1.72437 1.91491 2.14807 2.30544 
0 0.780055 1.13963 1.19854 1.53775 1.55148 1.62852 1.6529 1.91194 2.00912 2.35529 
0 1.56517 2.36926 2.37617 2.44472 2.49237 2.55402 2.72977 3.06926 3.12562 3.30012 
0 1.79554 2.1291 2.17469 2.69604 3.32643 3.41499 3.75631 3.76432 4.193 4.26377 
0 1.42425 1.49306 1.71843 2.17469 2.65405 2.72269 3.0993 3.23407 3.35256 3.76215 
0 3.92489 9.811 12.5581 25.2554 25.3736 25.6345 26.0831 26.1733 27.3842 27.8527 
0 0.205966 0.261324 0.268874 0.381274 0.389874 0.399944 0.418026 0.504136 0.506899 0.665986 
0 5.20273 9.49232 11.1711 14.622 17.2555 18.5794 19.7388 21.1924 22.3378 22.8603 
0 0.94309 1.16025 1.80962 1.86297 1.91104 1.99775 2.04617 2.18462 2.38855 2.40432 
0 0.0813941 0.126305 0.315298 0.322264 0.359301 0.364853 0.382382 0.395997 0.399944 0.416515 
0 6.55643 7.36858 7.78066 11.0087 12.0259 13.9938 14.211 14.5625 15.0725 15.6774 
0 2.77924 10.7322 12.5581 15.1461 19.7434 20.3676 23.5259 24.4651 24.7801 25.3824 
0 0.833818 1.00952 1.0102 1.0248 1.07862 1.08752 1.11387 1.12805 1.13812 1.14985 
0 0.391045 0.68753 0.74239 0.753951 0.871658 0.910829 0.984622 1.02186 1.11915 1.15896 
0 0.25854 0.26497 0.361389 0.859777 0.93536 1.05386 1.1666 1.20759 1.27624 1.35274 
0 0.102186 0.408561 0.563813 0.630048 0.742032 0.750976 0.774783 0.923934 1.08472 1.15155 
0 0.180851 0.291959 0.438216 0.705554 0.729533 0.946132 1.01653 1.02818 1.08522 1.08742 
0 4.92756 4.98926 6.36047 6.96828 6.97229 7.55223 8.12867 8.17582 8.44551 8.54051 
0 0.915929 0.931624 1.31175 1.35677 1.46723 1.52976 1.53226 1.53787 1.56537 1.67898 
0 0.801909 0.915929 1.06941 1.161 1.18174 1.27325 1.28569 1.44885 1.47047 1.50161 
0 0.5288 0.538184 0.622969 0.715277 0.720169 0.742311 0.816581 0.859086 0.862994 0.896613 
0 0.241789 0.409708 0.563813 0.643849 0.717147 0.862662 0.956731 1.15749 1.16984 1.4197 
0 7.13127 7.80043 9.017 9.86917 13.5577 13.7622 13.9799 14.986 15.1672 15.332 
0 1.4762 1.49264 1.55637 1.55851 1.71593 2.00912 2.22213 2.27192 2.29161 2.46072 
0 0.930884 1.79554 2.38223 2.52522 2.65571 3.35256 3.62426 4.37105 4.64291 4.82008 
0 5.20273 7.55925 8.41158 14.0589 16.1619 19.6328 19.9319 23.3679 23.7995 23.837 
0 1.74244 1.76992 2.00587 2.41991 2.49974 2.77894 2.80887 2.86501 3.01479 3.03373 
