3.165 3.681 -2.669 -1550 79 87 100 
-6.614 -4.137 0.465 -1376 169 172 189 
1.012 -2.032 0.767 -1753 246 244 247 
0.974 3.197 -2.923 -1432 81 80 96 
-2.353 -1.323 -1.535 -1162 122 120 99 
2.707 3.018 -2.697 -1398 94 101 119 
-2.383 1.791 -1.968 -1124 128 140 120 
-1.74 -0.469 -1.557 -953 137 145 122 
-0.83 3.463 -3.175 -1412 99 115 131 
-35.749 21.417 -7.345 -1419 40 40 40 
-0.072 -1.254 0.483 -1535 88 71 81 
-0.737 -1.214 1.316 -1077 33 35 32 
-4.83 -10.731 -0.954 -900 97 103 89 
0.267 -1.86 0.549 -1201 139 117 106 
-5.313 -4.241 -0.593 -1191 79 95 118 
-5.707 -1.351 -1.797 -1219 40 41 45 
0.648 -0.648 0.454 -1378 137 128 129 
15.778 39.702 0.716 -1314 24 24 24 
13.336 2.866 -1.71 -1430 105 113 124 
-0.271 -3.078 -1.419 -1086 139 137 114 
0.538 -2.727 -0.73 -1406 63 51 51 
0.209 -0.676 0.515 -1116 125 116 83 
2.56 4.148 -2.765 -1470 91 103 117 
4.993 2.433 -2.398 -1498 111 125 138 
-4.23 -1.272 -1.677 -1073 181 201 176 
5.722 0.612 -2.216 -1422 95 102 118 
-0.194 -1.381 0.306 -1286 140 141 135 
0.39 -1.875 0.045 -1378 75 74 70 
17.853 5.499 2.499 136 116 124 135 
-4.513 -4.504 -1.471 -1293 66 56 54 
-3.794 5.261 -3.575 -1427 116 123 142 
-0.973 -0.445 0.874 -982 26 25 23 
-24.436 -10.237 6.942 -1258 36 36 38 
2.141 2.537 -2.757 -1466 95 106 126 
-21.609 -3.735 4.361 -1353 46 46 44 
-0.583 -2.607 -1.476 -1255 150 119 88 
1.135 -0.43 1.159 -1091 26 25 23 
-1.222 -1.254 0.319 -1337 51 43 41 
-0.207 -0.884 0.346 -1294 153 146 130 
-5.294 -0.524 -1.885 -1406 78 74 71 
2.373 5.412 -2.38 -404 173 198 228 
-3.461 8.212 -3.545 -1206 113 90 74 
0.119 -2.224 0.73 -1375 69 71 66 
-0.538 -1.79 -1.531 -1257 110 108 95 
-0.003 -2.143 0.951 -1327 206 202 216 
-1.093 1.671 -1.956 -1163 127 120 102 
4.31 -0.956 0.097 1892 52 40 42 
-3.847 10.149 -2.87 -1525 152 189 208 
-0.605 -1.156 0.479 -1363 202 195 213 
-0.249 -0.935 0.467 -1165 107 100 81 
-1.55 1.736 -1.856 -1362 116 115 95 
4.292 2.504 -2.484 -1414 122 136 149 
-2.163 0.252 -1.509 -986 113 100 83 
-8.797 -4.176 1.522 -1550 151 160 177 
2.54 -3.837 -1.264 -941 98 103 81 
-2.315 -1.799 -1.535 -1157 137 118 104 
0.555 -0.809 0.344 -1327 40 35 39 
-6.475 9.843 -3.833 -1175 60 61 55 
-0.139 6.068 -3.089 -1226 137 152 133 
48.94 -26.266 3.04 -1360 46 63 73 
-5.371 -12.549 -0.881 -830 184 189 159 
8.324 0.248 -1.908 -1466 101 110 125 
27.942 21.939 -0.873 -1122 57 67 79 
0.149 -2.283 0.44 -1250 137 131 109 
-2.318 1.229 -1.687 -1039 137 140 113 
-1.848 0.74 -1.625 -1237 117 112 90 
4.185 1.747 -2.459 -1527 87 94 110 
2.011 2.549 -2.775 -1455 96 107 125 
2.371 4.11 -2.788 -1411 106 113 129 
0.322 -0.506 0.563 -1362 132 135 128 
-1.038 -1.129 0.285 -1073 69 60 53 
1.356 -2.627 -1.401 -1203 115 125 100 
-8.834 -2.649 0.129 -1304 63 60 69 
1.793 2.424 -2.799 -1453 101 117 133 
-3.624 -0.861 -1.585 -683 125 129 106 
-1.162 -1.57 -1.527 -1136 106 107 91 
-0.278 -0.694 0.238 -1291 103 94 85 
0.868 -0.831 0.684 -1154 75 68 60 
4.2 -10.259 1.225 -1234 52 48 45 
3.273 1.678 -2.58 -1334 108 119 139 
0.419 -0.579 0.55 -1332 90 85 81 
2.248 -0.018 -1.598 -1150 121 116 96 
1.988 -1.926 1.399 -1198 64 59 53 
0.743 -2.029 0.464 -1116 101 102 84 
-0.279 -0.674 0.298 -936 133 126 107 
-0.843 -2.48 -1.49 -1162 122 118 106 
0.548 -0.956 0.446 -1244 85 77 75 
-4.573 0.614 -1.765 -982 120 115 96 
-0.017 -7.589 -1.152 -1206 143 141 126 
-5.626 -0.671 -1.876 -1339 77 79 74 
-0.814 -0.115 0.762 -916 20 18 23 
44.138 26.082 21.231 -1499 19 20 24 
-24.182 6.957 -3.326 -961 28 27 25 
-11.56 -0.883 -0.496 -1406 27 26 31 
-0.765 -5.095 -1.266 -932 137 132 113 
1.785 0.203 -1.607 -1262 122 125 104 
30.925 29.981 8.153 -1514 24 25 29 
-0.168 -1.916 1.282 -1090 102 93 88 
-1.432 -2.121 -1.498 -1231 103 99 88 
30.009 33.033 26.164 -1272 28 33 37 
9.412 -15.456 -0.261 -723 140 140 114 
0.456 -0.559 0.535 -1303 75 70 66 
-2.495 -2.034 -1.523 -1199 113 116 99 
1.554 -2.53 0.411 -1389 91 98 108 
-1.311 0.998 -1.611 -1198 137 131 109 
3.581 2.457 -2.568 -1450 101 110 127 
-3.898 1.576 -1.955 -1045 108 105 86 
-0.829 -1.459 -1.524 -1193 103 100 91 
0.03 -0.954 0.648 -1427 45 43 44 
-1.416 0.51 -1.501 -1342 104 99 93 
1.241 -1.337 1.418 -1416 184 200 225 
0.984 5.42 -2.929 -1186 114 111 94 
2.063 -4.171 -1.295 -1031 127 128 112 
-0.559 -0.681 0.503 -1485 36 38 51 
25.366 -0.127 5.517 -134 106 120 133 
0.906 6.055 -2.916 -535 114 115 109 
-0.08 -1.273 0.455 -1417 34 29 33 
2.024 -2.05 -1.403 -1134 123 112 92 
1.535 -2.282 0.132 -1206 52 48 45 
-1.006 -1.822 1.125 -711 68 60 58 
1.993 -2.905 -1.36 -1163 110 112 98 
2.905 -1.789 -1.322 -1240 113 103 91 
1.135 5.849 -2.903 -1129 85 88 79 
-0.222 33.45 -0.085 -314 56 60 69 
17.344 3.416 -0.037 -375 154 164 199 
0.454 -3.518 1.071 -1601 130 132 121 
8 13.512 -4.052 -1178 153 175 188 
2.373 3.032 -2.74 -1389 90 99 114 
-2.515 0.221 -1.596 -1157 143 147 124 
5.552 -5.101 -1.16 -412 121 124 103 
-0.655 -1.155 0.446 -1616 255 253 252 
-2.184 -14.94 -0.665 -777 161 154 136 
-0.846 -0.116 0.845 -1024 21 21 21 
1.095 3.048 -2.906 -1435 108 119 139 
-0.791 -0.407 0.361 -1152 42 41 36 
-1.454 -0.91 -1.532 -1186 119 106 87 
-0.657 -1.429 1.282 -1157 60 59 57 
2.701 2.095 -2.669 -1488 96 109 125 
-2.171 -7.987 -1.061 -867 131 129 116 
-24.534 -11.336 8.251 -1116 72 70 75 
3.231 1.502 -2.577 -1393 104 111 129 
9.007 -13.19 -0.486 -510 137 143 117 
-2.476 -3.294 -1.433 -1114 101 102 88 
-8.124 -3.952 0.968 -1388 77 83 83 
28.853 42.508 1.263 -1185 38 37 42 
-3.24 4.629 -3.504 -1414 110 121 139 
-2.543 -3.745 -1.399 -1129 126 120 104 
37.411 27.913 14.983 -1504 87 59 74 
-4.361 9.299 -2.786 -1562 78 82 94 
-1.703 0.999 -1.613 -1144 118 116 103 
0.318 3.934 -3.029 -1399 101 118 128 
1.723 0.178 -1.62 -1288 74 66 55 
29.201 30.64 11.396 -424 78 86 97 
-2.252 2.539 -2.423 54 142 142 118 
-2.74 -3.172 -1.444 -1229 141 139 124 
-2.325 -0.547 -1.535 -1093 114 108 94 
4.043 13.296 -3.472 -1186 50 54 65 
3.423 4.875 -2.008 -486 65 68 73 
-13.475 4.711 -4.197 -1226 76 84 97 
1.047 -0.058 0.782 -1172 26 22 23 
-0.438 -2.417 -1.488 -1327 87 82 78 
-1.391 1.459 -1.817 -1190 110 103 84 
-8.285 6.696 -4.069 -1409 103 114 134 
6.603 -3.031 -1.231 -1052 87 79 66 
-0.101 -2.06 -1.515 -1268 132 124 111 
-18.733 5.779 -4.224 -1052 83 83 71 
-8.211 33.375 1.68 -314 59 67 78 
2.73 -1.744 -1.339 -1154 113 109 97 
0.44 -0.552 0.544 -1355 61 56 52 
1.942 -0.537 1.896 -576 26 25 23 
61.369 -114.299 24.03 -1679 164 178 205 
24.277 2.319 6.088 -1453 48 52 61 
-0.368 -2.116 -1.468 -1247 130 125 106 
2.357 -0.17 -1.55 -1122 105 92 76 
4.226 0.969 -2.42 -1434 117 129 143 
5.06 -2.79 -1.335 -1070 126 123 108 
-8.957 -0.983 -1.191 -1296 100 108 121 
-6.812 -0.64 -1.088 -1509 82 93 113 
-9.822 34.777 -1.613 -445 107 120 137 
-0.54 -0.687 0.298 -1188 77 69 56 
27.807 7.848 12.949 -1214 73 100 129 
-1.947 3.176 -3.048 -1085 136 133 114 
-0.279 -0.972 0.401 -1221 100 90 80 
-23.417 0.62 -1.828 -564 49 48 44 
2.402 32.61 0.28 -1517 41 29 31 
-0.861 -2.264 0.433 -1255 183 183 173 
2.081 3.288 -2.786 -1481 105 117 133 
-1.33 1.764 -2.001 -744 121 111 99 
-2.112 0.173 -1.549 -1142 117 103 90 
-0.036 -2.126 1.128 -1039 150 144 110 
10.31 -6.352 -0.882 -445 69 79 91 
1.45 -1.322 -1.495 -1240 88 76 76 
0.62 -1.709 -1.511 -1160 129 124 105 
-1.251 -0.637 0.238 -1096 54 48 50 
-2.142 -0.39 -1.553 -1137 125 128 111 
17.322 10.946 -2.073 -1306 59 63 72 
3.818 -0.63 -1.274 -1362 117 109 98 
-9.599 -2.127 0.035 -1455 141 149 172 
26.434 2.843 13.314 -1281 45 54 63 
-1.84 5.655 -3.351 -1458 114 127 143 
