0 22 5 68 127 186 105 157 33 67 51 
1 143 14 53 72 29 197 15 177 176 89 
2 83 13 103 118 42 63 27 110 44 189 
3 133 150 186 73 67 33 127 68 5 8 
4 55 102 155 194 135 7 75 98 74 188 
5 127 186 33 0 67 137 105 73 22 68 
6 64 50 153 187 161 149 65 45 104 106 
7 194 135 155 188 52 109 128 4 65 75 
8 181 150 3 153 133 187 45 50 199 161 
9 92 165 183 158 178 34 162 166 57 93 
10 116 26 108 182 49 38 48 130 84 21 
11 136 119 48 130 97 31 113 49 108 182 
12 60 138 131 88 29 14 94 1 146 143 
13 42 63 83 27 44 116 10 189 26 2 
14 29 1 154 146 142 15 143 24 102 89 
15 89 39 24 177 74 87 14 102 176 4 
16 56 101 168 80 86 77 69 21 108 159 
17 144 184 123 152 96 62 166 178 126 147 
18 124 61 28 25 23 163 195 51 66 174 
19 35 160 85 172 164 20 43 98 192 71 
20 71 19 27 164 160 192 63 172 35 118 
21 69 80 168 101 108 56 16 86 38 49 
22 68 0 186 127 5 40 157 33 67 133 
23 51 66 105 174 79 25 140 0 137 5 
24 74 39 15 89 4 102 87 55 155 194 
25 174 66 23 51 196 61 140 79 105 46 
26 116 10 182 49 38 48 130 108 76 13 
27 13 83 63 26 42 116 10 2 86 44 
28 124 18 195 171 114 61 25 198 23 126 
29 14 146 154 142 1 102 24 15 55 74 
30 145 199 181 41 153 8 58 106 6 148 
31 132 90 134 113 193 179 130 48 70 11 
32 139 34 183 93 53 197 143 72 176 1 
33 67 73 127 137 5 186 133 3 79 105 
34 32 183 139 93 197 53 165 92 72 143 
35 160 85 172 19 164 43 98 107 75 20 
36 159 77 16 101 168 110 80 69 86 56 
37 70 130 193 48 179 113 134 182 119 31 
38 182 49 84 76 179 108 10 116 113 21 
39 89 15 24 87 177 74 106 128 155 4 
40 157 22 68 122 111 115 0 186 127 5 
41 148 47 30 199 57 145 58 115 162 122 
42 44 63 13 189 97 83 27 2 26 116 
43 172 107 164 160 75 85 35 98 192 135 
44 189 42 97 63 13 83 116 10 185 26 
45 187 161 50 104 149 65 109 6 64 153 
46 196 121 167 175 173 81 82 117 169 118 
47 148 41 57 30 199 58 145 162 115 122 
48 130 182 49 70 113 26 38 179 116 10 
49 182 38 84 108 76 10 116 113 179 48 
50 187 161 45 149 104 6 64 65 153 109 
51 23 105 66 79 140 174 0 137 5 127 
52 188 128 65 194 109 155 7 149 64 104 
53 143 72 1 197 14 176 93 177 29 15 
54 112 120 71 117 121 167 118 103 20 175 
55 102 4 98 75 135 155 194 154 7 142 
56 86 16 101 80 168 21 69 77 108 38 
57 148 47 41 162 30 145 199 58 181 115 
58 115 122 111 199 150 40 8 3 68 133 
59 114 171 198 100 180 141 124 190 28 18 
60 12 131 138 88 29 14 1 94 143 146 
61 25 163 23 174 66 175 196 46 51 105 
62 96 152 195 147 28 180 144 171 124 17 
63 42 13 44 27 83 189 2 97 26 185 
64 6 149 65 50 161 52 128 104 188 187 
65 149 109 52 104 188 64 128 161 50 194 
66 51 174 79 105 140 23 137 25 5 0 
67 33 73 127 186 137 5 133 3 79 105 
68 22 186 0 127 5 40 157 33 67 133 
69 80 168 101 21 16 56 86 108 77 84 
70 37 130 48 193 179 113 134 182 49 38 
71 120 117 20 192 191 164 118 167 19 54 
72 197 143 53 176 1 177 93 15 14 89 
73 67 33 127 186 133 137 5 3 79 140 
74 24 155 4 128 194 55 102 39 87 188 
75 107 98 43 135 85 172 160 164 55 35 
76 84 38 179 182 49 113 21 108 134 48 
77 16 86 56 101 168 80 69 36 21 159 
78 88 129 141 112 54 138 100 190 94 125 
79 140 137 105 66 174 51 33 5 67 127 
80 168 101 69 21 16 56 86 77 108 38 
81 173 95 151 191 196 167 121 117 140 79 
82 110 2 103 118 169 83 77 36 13 86 
83 2 13 27 63 42 118 44 103 189 86 
84 76 38 179 49 182 113 21 108 134 48 
85 35 160 172 98 43 19 164 75 107 20 
86 56 16 80 101 77 168 21 69 108 10 
87 106 39 89 74 24 128 15 64 52 6 
88 138 94 112 19 54 146 125 20 142 35 
89 39 15 177 24 87 74 106 128 155 4 
90 132 31 134 113 179 193 84 76 49 38 
91 147 99 152 96 180 62 144 198 171 114 
92 165 183 158 34 93 162 176 197 57 72 
93 197 176 72 53 177 143 1 15 89 39 
94 19 146 142 35 88 85 160 20 154 112 
95 151 81 173 191 140 167 196 192 117 121 
96 152 147 62 144 99 91 17 180 195 198 
97 189 44 136 42 13 119 11 63 10 116 
98 75 85 107 55 43 35 160 172 102 135 
99 147 152 91 96 144 180 62 17 198 171 
100 141 78 190 129 131 88 163 175 112 54 
101 168 80 69 16 21 56 86 77 108 38 
102 55 4 98 154 142 75 155 135 74 194 
103 118 2 83 82 27 63 13 42 20 110 
104 149 109 161 65 45 50 187 64 52 188 
105 51 79 66 137 140 5 0 127 23 33 
106 87 6 64 153 128 52 65 149 188 50 
107 75 43 172 135 98 164 85 160 35 7 
108 49 21 10 116 38 182 69 84 80 86 
109 65 104 149 188 52 161 7 128 194 64 
110 36 82 77 2 169 86 83 16 56 13 
111 122 115 58 40 150 68 22 3 133 186 
112 54 120 71 117 20 103 118 167 121 19 
113 179 84 134 76 49 182 38 48 130 31 
114 171 198 28 124 180 18 195 190 61 163 
115 122 111 58 40 150 68 22 199 3 157 
116 10 26 182 49 108 38 48 130 76 84 
117 167 120 71 121 191 192 118 20 54 173 
118 103 2 83 27 20 82 13 63 42 71 
119 136 11 185 97 37 48 130 189 44 70 
120 71 117 54 112 167 121 20 191 118 192 
121 167 117 120 196 191 173 71 81 118 54 
122 115 111 58 40 150 68 22 157 3 186 
123 184 166 178 17 156 126 47 148 57 41 
124 28 18 195 171 61 114 190 25 163 23 
125 42 63 44 189 2 103 83 97 13 118 
126 156 195 157 40 122 115 111 22 68 0 
127 5 186 33 67 73 137 0 68 22 133 
128 52 188 194 155 65 64 7 149 109 104 
129 163 175 54 112 120 121 167 46 117 196 
130 48 70 182 49 113 179 26 38 116 37 
131 60 12 138 88 78 94 29 14 146 141 
132 90 31 134 113 179 193 84 76 49 38 
133 3 73 186 67 33 150 127 5 68 22 
134 179 113 90 193 31 132 84 76 38 182 
135 7 75 107 194 155 4 98 55 188 43 
136 11 119 97 48 130 189 10 116 44 49 
137 79 33 140 67 5 105 73 127 186 66 
138 88 94 12 29 146 142 154 14 19 60 
139 32 34 183 53 93 197 143 72 1 176 
140 79 137 66 105 174 51 33 5 67 73 
141 100 78 190 129 163 88 175 131 54 112 
142 154 146 102 55 98 85 4 35 75 19 
143 53 1 72 197 14 176 177 29 15 93 
144 17 96 152 62 147 99 184 91 123 195 
145 30 199 181 153 8 6 58 106 41 150 
146 142 154 102 55 98 29 85 94 35 19 
147 91 152 96 99 62 144 180 198 17 171 
148 47 41 57 30 199 145 162 58 115 122 
149 65 104 109 161 64 50 52 188 187 45 
150 3 133 8 111 186 68 122 73 58 67 
151 95 81 173 191 167 192 140 117 196 121 
152 96 147 99 62 144 91 17 180 195 198 
153 6 181 50 187 64 161 45 149 8 106 
154 142 146 102 55 98 4 85 29 35 75 
155 194 7 188 4 128 52 135 55 74 65 
156 126 115 122 40 58 111 47 157 41 22 
157 40 22 0 68 5 186 127 105 51 122 
158 165 162 93 176 57 197 177 30 72 89 
159 36 16 77 101 168 80 69 56 21 86 
160 35 172 85 164 43 19 107 98 75 192 
161 50 187 45 104 149 65 64 109 6 52 
162 57 30 148 41 145 158 47 199 106 181 
163 175 129 46 196 61 25 121 167 54 120 
164 172 160 43 35 192 85 107 19 75 20 
165 158 92 183 93 162 176 197 57 34 72 
166 178 123 184 47 156 57 148 17 41 126 
167 121 117 191 120 196 173 71 81 118 54 
168 101 80 69 16 21 56 86 77 108 38 
169 36 110 82 159 77 16 101 168 80 86 
170 59 100 141 131 78 114 190 198 171 60 
171 114 198 28 124 180 18 195 190 61 163 
172 164 160 43 35 85 107 75 19 98 192 
173 81 95 151 191 196 167 121 117 140 79 
174 66 140 79 51 25 105 23 137 196 173 
175 163 129 121 46 196 167 54 120 117 112 
176 197 72 177 93 15 89 39 143 53 1 
177 89 15 39 176 87 24 72 74 197 106 
178 166 123 184 57 47 156 148 17 41 126 
179 113 84 76 134 38 182 49 130 48 70 
180 198 171 114 28 124 195 62 18 147 96 
181 153 8 6 187 50 145 45 161 150 64 
182 49 38 84 76 10 116 48 108 179 113 
183 92 165 34 158 93 32 197 176 72 139 
184 123 166 178 17 156 126 47 148 57 41 
185 119 44 63 42 37 189 26 130 48 97 
186 127 5 67 33 68 73 22 133 3 0 
187 45 50 161 104 149 6 64 65 153 109 
188 52 128 194 65 7 155 109 149 64 104 
189 44 97 42 13 63 136 119 83 10 116 
190 129 163 175 61 141 78 46 54 25 112 
191 192 117 71 167 173 151 81 121 95 120 
192 164 191 172 43 71 160 20 117 107 35 
193 134 70 37 179 31 113 130 90 48 132 
194 155 7 188 52 128 135 4 109 65 55 
195 28 124 18 126 156 171 61 23 157 62 
196 121 46 173 167 81 174 95 151 117 25 
197 72 176 93 143 53 177 1 15 89 14 
198 180 171 114 28 124 195 18 190 61 62 
199 145 58 30 8 181 150 115 111 122 41 
