pointId=0
neighbors are:
22 5 68 127 186 105 157 33 67 51 137 73 40 79 133 140 66 23 3
neighborhood is:
2.56 4.148 -2.765 -1470 91 103 117
2.707 3.018 -2.697 -1398 94 101 119
2.371 4.11 -2.788 -1411 106 113 129
2.373 3.032 -2.74 -1389 90 99 114
2.081 3.288 -2.786 -1481 105 117 133
3.581 2.457 -2.568 -1450 101 110 127
3.423 4.875 -2.008 -486 65 68 73
2.141 2.537 -2.757 -1466 95 106 126
2.011 2.549 -2.775 -1455 96 107 125
4.292 2.504 -2.484 -1414 122 136 149
2.701 2.095 -2.669 -1488 96 109 125
1.793 2.424 -2.799 -1453 101 117 133
2.373 5.412 -2.38 -404 173 198 228
3.273 1.678 -2.58 -1334 108 119 139
1.095 3.048 -2.906 -1435 108 119 139
1.793 2.424 -2.799 -1453 101 117 133
3.231 1.502 -2.577 -1393 104 111 129
4.185 1.747 -2.459 -1527 87 94 110
4.993 2.433 -2.398 -1498 111 125 138
0.974 3.197 -2.923 -1432 81 80 96